Name:      WGS84                         
a:         6378137                        m
GM:        398600441800000               
1/f:       298.257223563                 
omega:     7.292115e-05                   rad/s
b:         6356752.314245179              m
E:         521854.00842338527             m^2
c:         6399593.625758493              m^2
e^2:       0.00669437999014133           
e'^2:      0.006739496742276474          
U0:        62636851.71456948              m/s^2
garmaA:    9.780325335904884             
garmaB:    9.832184937861426             
m:         0.0034497865068408447         
J2_:       0.00048416677500971294        
