    Name:                          WGS84
       a:                   6378137.0000  m
      GM:           398600441800000.0000
     1/f:                       298.2572
   omega:                   6371000.0000  rad/s
       b:                   6356752.3142  m
       E:                    521854.0084  m^2
       c:                   6399593.6258  m^2
     e^2:               0.00669437999014
    e'^2:               0.00673949674228
      U0: 550404077307524174223245312.0000  m/s^2
  garmaA: -388702676702972215296.0000000000
  garmaB: 258762271723951063040.0000000000
       m: 26333004371957927936.0000000000
     J2_:          -3.92174204394781e+18
